使用眼在手上的标定方式。以下为Link_6->camera_frame的变换。

算法(end_link->camera)                 x          y          z         rx         ry        rz  四元数姿态(w,x,y,z)                                                                         distance
---------------------------  -----------  ---------  ---------  ---------  ---------  --------  ----------------------------------------------------------------------------------------  ----------
end_link->camera:Tsai-Lenz   1.25731e-06  0.0456113  0.0363973  -0.701918  -0.53429   -131.209  [0.4129986054170768, -0.0067761307146684165, 0.0036526216284096247, -0.9106991239324475]   0.0583537
end_link->camera:Park        0.000274034  0.0459691  0.0362136  -0.677449  -0.419637  -132.382  [0.40366179021242915, -0.00573683794479192, 0.003930365845650985, -0.9148818503157724]     0.0585206
end_link->camera:Horaud      0.000291832  0.045993   0.0362336  -0.683966  -0.393849  -132.462  [0.4030180368257728, -0.0055510341740416915, 0.004077158287668858, -0.9151661186872011]    0.0585518
end_link->camera:Daniilidis  0.000704178  0.0459169  0.0295924  -0.683833  -0.287367  -133.348  [0.39594419718022034, -0.0046656694544192955, 0.004486793578082127, -0.9182517590134195]   0.0546312

算法平均值测试              x            y            z            rx           ry           rz         距离
----------------  -----------  -----------  -----------  ------------  -----------  -----------  -----------
mean              0.000317825  0.0458726    0.0346092    -0.686791     -0.408786    -132.35      0.0575143
var               6.30192e-08  2.35208e-08  8.39456e-06   8.32085e-05   0.00770865     0.57792   2.77643e-06
std               0.000251036  0.000153365  0.00289734    0.00912187    0.0877989      0.760211  0.00166626
Tsai-Lenz                       x             y            z         rx           ry         rz  四元数姿态(w,x,y,z)                                                                    距离
-------------------  ------------  ------------  -----------  ---------  -----------  ---------  ----------------------------------------------------------------------------------  -------
base_link->marker0   -1.11223      -0.0723602    0.69666      1.56185     0.021554    1.49674    [0.5256133714754206, 0.510605249010725, 0.4845698517110716, 0.4777079884423609]     1.31439
base_link->marker1   -1.11049      -0.0682201    0.690866     1.57154     0.0226651   1.50623    [0.5211343380716575, 0.5105575009829232, 0.48959471966704105, 0.47754272096519196]  1.30963
base_link->marker2   -1.10629      -0.0584744    0.687886     1.57284     0.0238888   1.47076    [0.5294707418110539, 0.5192105466370491, 0.48108438372451856, 0.4675884489198903]   1.30403
base_link->marker3   -1.10666      -0.0475555    0.688411     1.55717     0.0204046   1.39153    [0.5509985421040827, 0.5343569714715092, 0.4556888946088036, 0.4507891579987022]    1.30417
base_link->marker4   -1.10986      -0.0708197    0.686714     1.59783     0.0261393   1.46958    [0.5237472609733942, 0.5255411346863776, 0.4871544414395642, 0.4606255231325423]    1.30705
base_link->marker5   -1.10461      -0.074518     0.672709     1.60114     0.0182134   1.54947    [0.5021301162679033, 0.5084551567642811, 0.5065982103252674, 0.48238672576246167]   1.29547
base_link->marker6   -1.10402      -0.0742745    0.656688     1.53147     0.0286496   1.4941     [0.535594702520604, 0.5014315156209496, 0.4784500095809431, 0.4824835107088513]     1.28671
base_link->marker7   -1.10633      -0.0635818    0.666223     1.57378     0.0171118   1.4527     [0.5318527247621042, 0.5253924378760387, 0.4748188404280739, 0.464373270290547]     1.293
base_link->marker8   -1.11243      -0.0585599    0.676005     1.57069     0.0186487   1.42412    [0.5396050620736704, 0.5309327221096223, 0.46696657266989916, 0.45703286707485824]  1.30304
base_link->marker9   -1.11087      -0.0622537    0.677199     1.55767     0.0163386   1.48505    [0.528240031767247, 0.5135918360408435, 0.4792312870871678, 0.47699399185682595]    1.3025
base_link->marker10  -1.09163      -0.0643961    0.678642     1.53745     0.0130275   1.47517    [0.5350135539079895, 0.5113683290866222, 0.4709909901640559, 0.48003168262749113]   1.287
base_link->marker11  -1.10613      -0.0619154    0.65692      1.54285    -0.00110702  1.53889    [0.5146923507409311, 0.5010412419996393, 0.4847520298242135, 0.4990640514859166]    1.28799
base_link->marker12  -1.1147       -0.0633481    0.677722     1.57963     0.0189604   1.48481    [0.5232499393356964, 0.5187871683930627, 0.48505110024850673, 0.47095095821498356]  1.30609
base_link->marker13  -1.09666      -0.0641046    0.678309     1.55015     0.0161571   1.489      [0.5291803988795972, 0.5107016759179255, 0.4783943194734098, 0.4798862143798521]    1.29107
base_link->marker14  -1.09902      -0.0619684    0.685456     1.5794      0.0177233   1.47189    [0.5260484902224823, 0.5221454854164704, 0.4813166607535918, 0.4679437466991706]    1.29674
base_link->marker15  -1.1167       -0.0636023    0.669349     1.60046     0.017907    1.47579    [0.5196621365613596, 0.5266651641207802, 0.48729146350006036, 0.46381256809845467]  1.30349
base_link->marker16  -1.09846      -0.0591196    0.65625      1.63152     0.0125999   1.4542     [0.5150419396048718, 0.5411977710750967, 0.4872854381960049, 0.4520947630237781]    1.28093
base_link->marker17  -1.10788      -0.0696771    0.677938     1.54406     0.0148893   1.45608    [0.5382909194027268, 0.5171751777350375, 0.46815129260305277, 0.47287111231009893]  1.30071
base_link->marker18  -1.10459      -0.0700824    0.678421     1.53859     0.0139438   1.45144    [0.5405875523400119, 0.5170084326394854, 0.4654041873524516, 0.4731451375946941]    1.29819
base_link->marker19  -1.10574      -0.0615037    0.678565     1.55945     0.011388    1.45293    [0.5342236753931014, 0.522876149701781, 0.4700280417241538, 0.4693391489269607]     1.29881
base_link->marker20  -1.10104      -0.0587824    0.672379     1.55668     0.0112585   1.45193    [0.5351512309116958, 0.5224001136744615, 0.4690832944104423, 0.4697575376634766]    1.29145
base_link->marker21  -1.10401      -0.0549948    0.685513     1.58255     0.0224202   1.45015    [0.5313688342880283, 0.527077237009587, 0.4775631592600219, 0.46018493792312354]    1.30068
base_link->marker22  -1.10291      -0.0607686    0.687854     1.57962     0.0188697   1.47664    [0.5251502473525864, 0.5207845115968006, 0.482902245428644, 0.4688348659670836]     1.30125
base_link->marker23  -1.10234      -0.0602268    0.690822     1.58205     0.016193    1.49402    [0.519787901557063, 0.5178453352811163, 0.48729959299142145, 0.47349324471726945]   1.30231
base_link->marker24  -1.10259      -0.0641441    0.675222     1.55337     0.0115105   1.51811    [0.5202161566904756, 0.5056745653485107, 0.48536616310362923, 0.48794269334814966]  1.29451
base_link->marker25  -1.09154      -0.0808218    0.67729      1.58158     0.0115913   1.45495    [0.5279821384087511, 0.5282282881788901, 0.4757812423452592, 0.46458793195833636]   1.28713
base_link->marker26  -1.10367      -0.0686199    0.684928     1.58849     0.0194005   1.48512    [0.5209778684866617, 0.5209199855010761, 0.48732700555132435, 0.46876094004623703]  1.30074
base_link->marker27  -1.11235      -0.0644807    0.668701     1.58278     0.00664059  1.52693    [0.5094060023404772, 0.5122811101498309, 0.49351758236024224, 0.48426643995268914]  1.29948
base_link->marker28  -1.09465      -0.0691199    0.669855     1.61894     0.0266551   1.40421    [0.5328987955848223, 0.5467176066628174, 0.4745048891638819, 0.43813678502118336]   1.2852
base_link->marker29  -1.10243      -0.0598662    0.677381     1.58883     0.0208221   1.48068    [0.5222665143671128, 0.5217511540684632, 0.4866132621795536, 0.4671412572980742]    1.2953
base_link->marker30  -1.10368      -0.0619076    0.677346     1.5665      0.0207111   1.49216    [0.5253150332016351, 0.5131423467444075, 0.48428886011031813, 0.47559788460742347]  1.29644
base_link->marker31  -1.10092      -0.0646746    0.685122     1.54559     0.0138797   1.51696    [0.5230258296779042, 0.5033368284459437, 0.483786722665156, 0.4889237421036387]     1.29831
mean                 -1.10461      -0.0643357    0.677792     1.57145     0.017158    1.47632    1.2976191411060725
var                   3.65329e-05   3.98366e-05  9.62182e-05  0.0005398   3.4983e-05  0.0011686  5.6849259707268356e-05
std                   0.00604424    0.00631162   0.00980909   0.0232336   0.00591464  0.0341848  0.007539844806577146
Park                            x            y            z           rx            ry          rz  四元数姿态(w,x,y,z)                                                                    距离
-------------------  ------------  -----------  -----------  -----------  ------------  ----------  ----------------------------------------------------------------------------------  -------
base_link->marker0   -1.1121       -0.0699249   0.695569     1.56264       0.00113991   1.49431     [0.5211353756672557, 0.516357461110653, 0.4788504435217503, 0.4821775039573414]     1.31358
base_link->marker1   -1.11016      -0.0671949   0.691853     1.57214       0.00224388   1.50381     [0.5166572806192331, 0.5162695340480508, 0.4838797113678276, 0.4820699612333615]    1.30982
base_link->marker2   -1.10595      -0.0569999   0.687988     1.57271       0.00343      1.46858     [0.5251989388723068, 0.5245786520865475, 0.4751572873023351, 0.47244985417073615]   1.30372
base_link->marker3   -1.10645      -0.0462777   0.685673     1.55781      -0.000128949  1.3904      [0.5464924285810423, 0.539497057649252, 0.4499421580816604, 0.45589582655713407]    1.3025
base_link->marker4   -1.10953      -0.0713148   0.688279     1.59996       0.00578316   1.46751     [0.5188161501820434, 0.5313940077878302, 0.4818727931117458, 0.4650256144086639]    1.30762
base_link->marker5   -1.1044       -0.0749438   0.673737     1.60249      -0.00231388   1.54913     [0.49673409377908984, 0.5138967753856246, 0.5017527128770479, 0.4872469183547973]   1.29585
base_link->marker6   -1.10368      -0.0734392   0.654756     1.53237       0.00815439   1.49568     [0.5302047131960687, 0.5063635205266261, 0.473695236461793, 0.48794648286258]       1.28538
base_link->marker7   -1.10703      -0.0628695   0.670196     1.5842       -0.0004254    1.45547     [0.5243351779189716, 0.5316104391197756, 0.4733818279985418, 0.46730354924429857]   1.29562
base_link->marker8   -1.11217      -0.0595019   0.675994     1.57536      -0.00101606   1.42801     [0.532935965404322, 0.5358437908674579, 0.4638446874791967, 0.4622756693410129]     1.30285
base_link->marker9   -1.11154      -0.0619017   0.674766     1.56138      -0.00283483   1.4786      [0.5242911210461154, 0.5207221326818073, 0.4734352086616427, 0.4794021110998829]    1.30179
base_link->marker10  -1.0936       -0.0618504   0.673681     1.53948      -0.00576647   1.46705     [0.5320645696117114, 0.51834787087166, 0.46439425341571217, 0.48224553488983685]    1.28594
base_link->marker11  -1.10354      -0.060029    0.662436     1.55172      -0.0168889    1.52904     [0.5110625011257979, 0.5095937750456443, 0.48039371856674884, 0.49834845192835225]  1.2885
base_link->marker12  -1.1145       -0.0641896   0.676969     1.58514      -0.000541573  1.48132     [0.5179746462246737, 0.5257199171999822, 0.4804077628226675, 0.4738451392041368]    1.30557
base_link->marker13  -1.09719      -0.0630005   0.675643     1.55275      -0.0036435    1.48407     [0.5250250257130984, 0.5173584190429683, 0.47256306000136505, 0.48308709664248656]  1.29008
base_link->marker14  -1.09834      -0.0635944   0.681474     1.57787      -0.00241024   1.47583     [0.5207380375686226, 0.5255865875773039, 0.47675650433912165, 0.47465131492324564]  1.29414
base_link->marker15  -1.11647      -0.0629393   0.671735     1.60532      -0.00204657   1.47456     [0.5138634362036318, 0.53290651695756, 0.4829784114231126, 0.4676396766917501]      1.30449
base_link->marker16  -1.09862      -0.0575241   0.66378      1.64227      -0.00491862   1.45327     [0.5080836957065311, 0.5481583246796521, 0.4850032496973463, 0.4540322202494051]    1.28487
base_link->marker17  -1.10881      -0.0657751   0.677233     1.55119      -0.00404156   1.45237     [0.532929661480833, 0.5244637787384635, 0.46382934851880797, 0.47516950255452584]   1.30093
base_link->marker18  -1.10565      -0.065683    0.677697     1.54581      -0.00495374   1.44772     [0.5352350299745782, 0.5243151039929318, 0.46108561829696026, 0.4754126491929972]   1.29848
base_link->marker19  -1.10577      -0.0614185   0.676965     1.56759      -0.00737916   1.45076     [0.5282050995674983, 0.5299720153530497, 0.46639915095054907, 0.4718059640637485]   1.29799
base_link->marker20  -1.10075      -0.058775    0.67344      1.56629      -0.00681463   1.44989     [0.5288893103119287, 0.529699642494108, 0.4660101391050766, 0.4717297281607911]     1.29175
base_link->marker21  -1.10457      -0.0532471   0.684822     1.59152       0.00427938   1.44655     [0.5255659748023827, 0.5345493581168219, 0.47393987064933596, 0.4619722815016136]   1.30073
base_link->marker22  -1.10295      -0.0594499   0.685952     1.58166      -0.00148718   1.47448     [0.5202814222499988, 0.5266776165107677, 0.4775401506230965, 0.4731525488369739]    1.30022
base_link->marker23  -1.10272      -0.0592789   0.687829     1.58263      -0.00396744   1.48996     [0.5157539711592491, 0.5238045358418939, 0.48118932958801763, 0.4775808607508854]   1.301
base_link->marker24  -1.10144      -0.0616096   0.678909     1.56198      -0.00459098   1.50866     [0.5164492704224988, 0.5141306496789518, 0.4808979737125275, 0.4875315015667733]    1.29534
base_link->marker25  -1.0926       -0.0765244   0.675086     1.58146      -0.00423887   1.44181     [0.5273506319162741, 0.5349924216114909, 0.4680960300275627, 0.4653713855709376]    1.28661
base_link->marker26  -1.10397      -0.0667108   0.684037     1.58852       0.00311842   1.47255     [0.5200320012283097, 0.5278375634184522, 0.4798426049164721, 0.4697928254559932]    1.30043
base_link->marker27  -1.11057      -0.0636639   0.671182     1.5852       -0.010327     1.51554     [0.5073749434020363, 0.5197910862712787, 0.48684494327288885, 0.4851493529319838]   1.29919
base_link->marker28  -1.09501      -0.0649497   0.669293     1.62319       0.00886065   1.39487     [0.5296667384497734, 0.5540402760277039, 0.46821542855949405, 0.43962123604072384]  1.285
base_link->marker29  -1.10232      -0.0613391   0.67674      1.58996       0.000278543  1.48062     [0.5170684803204566, 0.5269410473460567, 0.48157647948646853, 0.47228954433308523]  1.29493
base_link->marker30  -1.10353      -0.0623911   0.676672     1.56739       0.00015589   1.49209     [0.5202048071027798, 0.5183608835480573, 0.47916446784766487, 0.48071859317765303]  1.29598
base_link->marker31  -1.10125      -0.0638397   0.680637     1.54445      -0.00648563   1.51425     [0.5191023265185248, 0.5087119491590703, 0.477536011111946, 0.4936641423854134]     1.29619
mean                 -1.1046       -0.0631922   0.677532     1.57514      -0.00186803   1.47277     1.2974088754843178
var                   3.31413e-05   3.4989e-05  7.25011e-05  0.000554469   2.62926e-05  0.00112749  5.3401412104106095e-05
std                   0.00575685    0.00591515  0.00851476   0.0235472     0.00512763   0.0335781   0.007307626981729849
Horaud                          x             y            z          rx            ry          rz  四元数姿态(w,x,y,z)                                                                    距离
-------------------  ------------  ------------  -----------  ----------  ------------  ----------  ----------------------------------------------------------------------------------  -------
base_link->marker0   -1.11213      -0.0695188    0.69539      1.56255     -0.000263057  1.49383     [0.5209377718853434, 0.5167878808329803, 0.47834041574198527, 0.482436079408532]    1.31348
base_link->marker1   -1.11015      -0.0668976    0.691818     1.57204      0.000841702  1.50333     [0.5164600851526805, 0.5166980234161096, 0.48337028032796525, 0.48233318892404203]  1.30978
base_link->marker2   -1.10594      -0.056811     0.687795     1.57239      0.00200837   1.4683      [0.5250141238753827, 0.5248982918322838, 0.47463423160092, 0.4728258655737006]      1.30361
base_link->marker3   -1.10645      -0.0462579    0.685223     1.55752     -0.00158669   1.39041     [0.5462375572900743, 0.539748875078993, 0.4494827672906203, 0.4563561380824201]     1.30227
base_link->marker4   -1.10951      -0.0711073    0.688383     1.6001       0.00438759   1.46702     [0.5185573156820672, 0.5318744530456874, 0.481416255004104, 0.46523785955979885]    1.30765
base_link->marker5   -1.1044       -0.0748651    0.673971     1.60287     -0.00373376   1.54891     [0.49633232143962636, 0.5143897011414535, 0.5014357711882951, 0.4874624389906952]   1.29597
base_link->marker6   -1.10369      -0.0735168    0.654784     1.53269      0.00674272   1.49601     [0.529710627136634, 0.5067168673205169, 0.4734863518697935, 0.4883188942324781]     1.28541
base_link->marker7   -1.10706      -0.0627869    0.67019      1.58464     -0.00183514   1.45562     [0.5238478143640218, 0.5320178894539556, 0.47315624989402516, 0.46761479432671843]  1.29564
base_link->marker8   -1.11215      -0.0595226    0.675727     1.57536     -0.00248588   1.42822     [0.5325454888887663, 0.5361339955884502, 0.4635093699307218, 0.4627253019070964]    1.3027
base_link->marker9   -1.11171      -0.0616548    0.674501     1.56147     -0.00411741   1.47786     [0.5241404618531973, 0.5212285460171122, 0.4729266707790357, 0.47951844920822545]   1.30178
base_link->marker10  -1.09387      -0.0614502    0.673257     1.53946     -0.00698692   1.46621     [0.5319902488312567, 0.5188290390284974, 0.4638419669643443, 0.4823416145138954]    1.28592
base_link->marker11  -1.10345      -0.0596631    0.662721     1.55219     -0.0179079    1.52805     [0.5109389750911378, 0.5101982988149869, 0.4799949707031199, 0.4982407929092336]    1.28855
base_link->marker12  -1.11459      -0.064088     0.676748     1.58529     -0.00193649   1.48083     [0.5177161740819469, 0.5262052415173994, 0.4799527785447242, 0.47404993118949534]   1.30553
base_link->marker13  -1.09732      -0.062794     0.675335     1.55268     -0.0050097    1.48349     [0.5248571007075069, 0.5178066823295945, 0.47203797598928543, 0.48330260996157176]  1.29001
base_link->marker14  -1.09835      -0.0635894    0.681072     1.57752     -0.00385231   1.47587     [0.5204764649953384, 0.5258266430029256, 0.47630681298625965, 0.4751235742384324]   1.29393
base_link->marker15  -1.11649      -0.0626626    0.671726     1.60546     -0.00347993   1.4742      [0.5135640187552893, 0.5333640802396316, 0.48254528560285626, 0.4678940092504997]   1.30449
base_link->marker16  -1.09865      -0.0571486    0.664217     1.64292     -0.0061939    1.45288     [0.5076831034989633, 0.5487072770496143, 0.48471790157107597, 0.45412195105609104]  1.2851
base_link->marker17  -1.10899      -0.0652109    0.677171     1.55165     -0.00532049   1.45177     [0.5326535911599986, 0.5250278143332445, 0.4634389841713674, 0.47523705027178237]   1.30102
base_link->marker18  -1.10583      -0.0650862    0.677635     1.54627     -0.00623051   1.44712     [0.5349595489032108, 0.524879882506359, 0.460695489969949, 0.4754777129358775]      1.29857
base_link->marker19  -1.10584      -0.0612762    0.677033     1.5684      -0.00857091   1.45039     [0.5278006354214535, 0.5305511034527051, 0.46617185263384564, 0.47183240635394547]  1.29808
base_link->marker20  -1.10077      -0.0586631    0.67366      1.56719     -0.00794021   1.44952     [0.5284736469934808, 0.5302862730611394, 0.4658249933657701, 0.4717193536331925]    1.29188
base_link->marker21  -1.1046       -0.0532045    0.684965     1.59245      0.00312341   1.44643     [0.5250747112917077, 0.535089307796167, 0.4738176359492322, 0.46203119819729616]    1.30083
base_link->marker22  -1.10297      -0.0594756    0.68596      1.58207     -0.0029146    1.47455     [0.5198171462259095, 0.5271028577302356, 0.4772820143835791, 0.4734496706178209]    1.30024
base_link->marker23  -1.10273      -0.0593371    0.687778     1.58294     -0.00541748   1.48988     [0.5153405139079812, 0.5242479871798016, 0.48086784945115146, 0.4778643259620971]   1.30099
base_link->marker24  -1.10133      -0.0616462    0.679285     1.56276     -0.00579482   1.50827     [0.5160508586502603, 0.514716733339383, 0.48067744432074366, 0.48755244869453984]   1.29544
base_link->marker25  -1.09271      -0.0763933    0.674845     1.58131     -0.0055481    1.44112     [0.5272412281876753, 0.5354169318207036, 0.46753206229598154, 0.46557401897455797]  1.28658
base_link->marker26  -1.10402      -0.0668101    0.683988     1.58854      0.00176609   1.47193     [0.5198486827345151, 0.528307139169598, 0.47933344324409466, 0.4699876210597298]    1.30045
base_link->marker27  -1.11059      -0.063577     0.671165     1.58504     -0.0115315    1.51469     [0.5073267468900431, 0.5202466817346764, 0.48627591614788845, 0.48528207818603414]  1.2992
base_link->marker28  -1.09505      -0.0645748    0.669448     1.62378      0.00775145   1.39408     [0.5294202484331462, 0.554626728755948, 0.46783430106462176, 0.43958441629093165]   1.28509
base_link->marker29  -1.10235      -0.0612707    0.676647     1.58995     -0.0011682    1.48029     [0.5168016994205127, 0.5273607220070667, 0.4811119164436528, 0.4725864960154604]    1.29491
base_link->marker30  -1.10356      -0.0622529    0.676577     1.56736     -0.00129065   1.49176     [0.5199454448250339, 0.518781824963722, 0.47869505305294135, 0.4810126803688746]    1.29595
base_link->marker31  -1.10135      -0.0635972    0.680186     1.54415     -0.00787027   1.51381     [0.5189547722148798, 0.5090801688558502, 0.47698774022041734, 0.4939696567123541]   1.29602
mean                 -1.10464      -0.0630222    0.677475     1.57534     -0.00319892   1.4724      1.2974087189069
var                   3.29896e-05   3.47517e-05  7.12961e-05  0.00055811   2.57951e-05  0.00112442  5.290588646477532e-05
std                   0.00574366    0.00589505   0.0084437    0.0236244    0.00507889   0.0335324   0.007273643273131789
Daniilidis                      x             y            z           rx            ry          rz  四元数姿态(w,x,y,z)                                                                    距离
-------------------  ------------  ------------  -----------  -----------  ------------  ----------  ----------------------------------------------------------------------------------  -------
base_link->marker0   -1.10553      -0.0676502    0.693873     1.56291      -0.015663     1.49164     [0.5176772761033417, 0.5210958233594868, 0.47383083653833535, 0.48575067578841796]  1.30699
base_link->marker1   -1.10339      -0.0661336    0.691857     1.57225      -0.0145614    1.50115     [0.5132013182777406, 0.5209766087421036, 0.47886427244718144, 0.4856920718265816]   1.30404
base_link->marker2   -1.09919      -0.0561902    0.687117     1.57188      -0.0134479    1.4666      [0.5218777393338363, 0.5288114183151463, 0.46999999640844425, 0.4765523186633239]   1.2975
base_link->marker3   -1.0998       -0.0461481    0.682559     1.55763      -0.0171316    1.38978     [0.5428355446686169, 0.5434422561838073, 0.4450727356540215, 0.4603372085934661]    1.29521
base_link->marker4   -1.10273      -0.0713017    0.689037     1.60162      -0.0109643    1.465       [0.5149317053439473, 0.5363210234736749, 0.4772517931856707, 0.46843977682599264]   1.30226
base_link->marker5   -1.09771      -0.0749804    0.674827     1.60419      -0.0192234    1.54829     [0.4922293057719098, 0.5186153206863626, 0.49772603002217997, 0.4909350860623477]   1.29073
base_link->marker6   -1.09695      -0.073285     0.653844     1.53375      -0.00871835   1.49739     [0.5254542166986206, 0.5104594426034941, 0.4700125703485738, 0.49235881968834105]   1.27913
base_link->marker7   -1.10171      -0.0595131    0.673829     1.59209      -0.0153268    1.45766     [0.5181594036304079, 0.5366095223212543, 0.4719072530489572, 0.46996233626038847]   1.29281
base_link->marker8   -1.10558      -0.059489     0.676738     1.57839      -0.0174563    1.43115     [0.5275499027032041, 0.5397022207639229, 0.4609987372477051, 0.4667898641962471]    1.29762
base_link->marker9   -1.10611      -0.0604711    0.670658     1.56405      -0.0185492    1.47262     [0.5212835733861969, 0.5265590085642755, 0.4683638752969611, 0.48128403976688994]   1.29496
base_link->marker10  -1.08938      -0.059155     0.667021     1.54079      -0.0210894    1.45976     [0.5298970101258917, 0.5240258671245587, 0.45869095120084835, 0.48395109311836093]  1.27873
base_link->marker11  -1.09633      -0.0554093    0.66381      1.55872      -0.0297328    1.52018     [0.5083235776476952, 0.5166181256389396, 0.47651718422454903, 0.49763864983285183]  1.28283
base_link->marker12  -1.10821      -0.0632789    0.675013     1.58913      -0.016732     1.4779      [0.5138259545346757, 0.5313755915614166, 0.47623991894952056, 0.47625456295791907]  1.29915
base_link->marker13  -1.09141      -0.0614231    0.671801     1.55433      -0.0199677    1.47952     [0.5218291001839405, 0.5227448004002526, 0.46744488906482407, 0.4857237275889382]   1.28307
base_link->marker14  -1.09157      -0.0656705    0.67936      1.57592      -0.0190787    1.47866     [0.5165743955016627, 0.528342588261899, 0.47266992316109746, 0.4801959465465031]    1.28739
base_link->marker15  -1.10988      -0.060984     0.673091     1.6088       -0.0186237    1.47292     [0.5092824240949702, 0.5380343460113087, 0.47907706428528707, 0.47078192562578824]  1.29946
base_link->marker16  -1.09278      -0.0530148    0.669681     1.65084      -0.0195414    1.45168     [0.5025016303510537, 0.5539860316319334, 0.4827744998645962, 0.45554403797187865]   1.28275
base_link->marker17  -1.10349      -0.0604232    0.675615     1.55694      -0.019588     1.44845     [0.5287072341916496, 0.5305449960906851, 0.45999453211357366, 0.4768602500336617]   1.2953
base_link->marker18  -1.10043      -0.0599244    0.676072     1.55162      -0.0204733    1.4438      [0.5310194473402066, 0.530410098193248, 0.45725364804252255, 0.47707711707116685]   1.29291
base_link->marker19  -1.09966      -0.0593415    0.675368     1.57481      -0.0226028    1.44827     [0.5232722478101245, 0.5359855309715591, 0.46338464414820524, 0.4734768598659454]   1.29186
base_link->marker20  -1.09444      -0.0563703    0.674002     1.5747       -0.0214294    1.44748     [0.5237668146437783, 0.5358682673067524, 0.4634607513514506, 0.4729880082288738]    1.28657
base_link->marker21  -1.09893      -0.0499578    0.683353     1.59967      -0.0103782    1.44366     [0.5205697890296834, 0.5407431856947467, 0.4712023810774011, 0.4632194058340775]    1.29504
base_link->marker22  -1.09652      -0.0586219    0.683825     1.58404      -0.0182782    1.47308     [0.5159502481851383, 0.5315706913869868, 0.47334445409739634, 0.4766266560226081]   1.29361
base_link->marker23  -1.09664      -0.0591105    0.684244     1.58384      -0.020676     1.48697     [0.5120974808932329, 0.5287820640065283, 0.4763507153120996, 0.4808697275452598]    1.29395
base_link->marker24  -1.09521      -0.0575893    0.679051     1.56969      -0.0179343    1.50135     [0.5130000126956905, 0.5210765758737088, 0.47741432934565375, 0.4872224822248986]   1.28993
base_link->marker25  -1.08858      -0.0737957    0.668861     1.58129      -0.0177963    1.43153     [0.5265996854536422, 0.5404540464599824, 0.46168563868747403, 0.46631380633098907]  1.27978
base_link->marker26  -1.0992       -0.0659903    0.679228     1.58883      -0.0108016    1.46277     [0.5189187048528127, 0.53350785759397, 0.4736909465472613, 0.4708605215969285]      1.29381
base_link->marker27  -1.10392      -0.0623293    0.669311     1.58657      -0.0244227    1.50609     [0.5058390898480064, 0.5257846217973271, 0.4810757073228398, 0.48604887664412044]   1.29248
base_link->marker28  -1.08949      -0.0611484    0.66629      1.62741      -0.00545597   1.38671     [0.5269606235811001, 0.5602117995105774, 0.4630936702290269, 0.44047643918596563]   1.27854
base_link->marker29  -1.09578      -0.0624588    0.676258     1.59059      -0.0167069    1.47984     [0.5129815151722771, 0.5312810765658526, 0.4771103096610645, 0.47639913432930037]   1.28917
base_link->marker30  -1.09695      -0.0626928    0.676178     1.56782      -0.0168356    1.49131     [0.5161927114171522, 0.5227230506870458, 0.47462875431250606, 0.484802271591208]    1.29013
base_link->marker31  -1.09519      -0.0633849    0.67597      1.54297      -0.0232135    1.51154     [0.5161171806353352, 0.5130551680304802, 0.4720869735263019, 0.49752521527760313]   1.28856
mean                 -1.09852      -0.0614762    0.676179     1.57807      -0.017575     1.46952     1.2914456265029017
var                   2.97643e-05   3.93591e-05  6.68013e-05  0.000590964   2.25648e-05  0.00111872  5.2679842352469476e-05
std                   0.00545567    0.00627368   0.00817321   0.0243097     0.00475025   0.0334472   0.007258088064529768
指令: r 记录,c 计算,s  保存,q  退出:q